	module	kME	kIN	cluster_name	HOMA.ir_estimate	HOMA.ir_p.value	HOMA.ir_p.adjust	HOMA.ir_BMI.adj.partial_estimate	HOMA.ir_BMI.adj.partial_p.value	HOMA.ir_BMI.adj.partial_p.adjust
M_323_unknown	grey60	0.899615667826525	0.386385280984677	M01	0.142824355913395	0.0151004254815237	0.0577369209587669	0.124989484996052	0.0339859480114658	0.187210730571634
M_100_unknown	grey60	0.811907530743376	0.356198421702393	M01	0.0437110692354864	0.459165550654515	0.648820886794423	0.0466141080813958	0.430664069555954	0.752504422611211
M_1101_unknown	grey60	0.780224766783905	0.187722926153623	M01	-0.0793315553804355	0.178653604504384	0.352392515119948	-0.0266287893289347	0.652695997342349	0.874672571415791
M_43_beta.D.Galactofuranose	grey60	0.717317348670265	0.185227809822359	M01	0.0706330157709412	0.231285921714618	0.421048608135977	0.0964035510179906	0.102529498696918	0.350758811331561
M_297_unknown	grey60	0.739281709400406	0.165914838330936	M01	-0.123545407309769	0.0357976707402865	0.114061205790129	-0.0841450059207905	0.154358218562142	0.425139161294035
M_347_unknown	grey60	0.702162524454863	0.143343768642124	M01	0.0587577945966855	0.31953508201309	0.514560892257654	0.0324321178225298	0.583594486693642	0.846733072211757
M_67_unknown	darkturquoise	0.876431990628449	0.384235075615094	M02	0.119876487088626	0.041708470786444	0.126684607528919	0.10504231867024	0.0751084481653669	0.296400804850918
M_114_unknown	darkturquoise	0.832986583542298	0.362648421172551	M02	0.156235542248509	0.00779430205214553	0.0342317319857743	0.177438779126454	0.00250980220052712	0.0422319449939331
M_244_unknown	darkturquoise	0.841211507371617	0.214193429029162	M02	0.0769466646378534	0.19211128452727	0.371643853996206	0.102145966184135	0.0835472905744369	0.305088420636989
M_267_unknown	darkturquoise	0.531640947256343	0.0208334265311338	M02	0.06955243863679	0.238519637991635	0.425927924985063	0.0907539602315784	0.124386320616996	0.388707251928114
M_1071_unknown	tan	0.928006816938179	1.26295562540774	M03	-0.0189557977436454	0.74830071985517	0.885616067025696	0.0382062818306095	0.518410088644397	0.82824044889064
M_1093_unknown	tan	0.89900818912797	0.841135968322444	M03	-0.0322324752566515	0.585259014822024	0.776363999253706	0.0690768574762872	0.242576395822579	0.536308358111144
M_1091_unknown	tan	0.861427298407018	0.745712818335559	M03	-0.0204818563982788	0.728802501978164	0.87907959748955	0.00433033083419399	0.941671717288159	0.977423443187846
M_57_unknown	tan	0.823914441917618	0.690520232151705	M03	0.0016269753253268	0.978030049998282	0.988631731802358	0.0544164315250397	0.357497908701964	0.691588216238918
M_1086_unknown	tan	0.773795668345634	0.635216366329312	M03	-0.0507007478221761	0.390489658915842	0.576859723398403	-0.00468638857512495	0.936885308752381	0.977423443187846
M_63_4..1.1.3.3..tetramethylbutyl.phenol	tan	0.773148841679372	0.48170449738076	M03	0.0287898628779119	0.62596951457415	0.804111036508295	0.0740763092643576	0.210070299832965	0.487484865314129
M_84_unknown	tan	0.636778111182874	0.225009181907897	M03	0.0442564646917575	0.453576052755546	0.643721472251321	0.0380169036377875	0.520487072810177	0.82824044889064
M_232_unknown	tan	0.657005073358045	0.213117463038617	M03	-0.174457185989407	0.00292252126206899	0.0153196679060068	-0.0748116533972279	0.205567145885999	0.487484865314129
M_1089_unknown	tan	0.524364974037779	0.139156198296132	M03	0.0509162536442437	0.388475964099918	0.576505426175678	0.0615192085999604	0.298125771979831	0.598091826502748
M_68_unknown	darkorange	0.838791758495824	0.140941688776793	M04	-0.105827309886721	0.0724444771324473	0.193418504757122	-0.0348553941599871	0.555779292846969	0.846342971410975
M_253_unknown	darkorange	0.830898327084395	0.133258370727386	M04	-0.118727156226339	0.0437213053346122	0.130361690217881	-0.0663289537903006	0.261870820993551	0.559921163308579
M_2085_unknown	darkorange	0.796838133548212	0.0586419811939145	M04	-0.102246946822936	0.0827026720264679	0.213320384195255	-0.104389167752573	0.076948344700571	0.296400804850918
M_47_Creatinine	darkorange	0.482965705976319	0.0116555263374003	M04	0.0809711866082074	0.169814646791795	0.347409180043472	0.0959309651421427	0.10423260306993	0.352350360152228
M_25_3.Hydroxybutyric.acid	skyblue	0.882954286437318	0.138026595219731	M05	-0.0791529341042877	0.179636714053551	0.352392515119948	-0.013225699926014	0.823160990132177	0.952054525953586
M_27_2.Hydroxybutyric.acid	skyblue	0.779950683366173	0.0833486274335162	M05	0.261322747364818	6.74119607755992e-06	0.00011530993290563	0.250566496289647	1.68809525867e-05	0.000498755417334319
M_1099_unknown	skyblue	0.743737526570673	0.0714310601582642	M05	-0.0324409113221741	0.582833919984687	0.776363999253706	-0.0274979099545133	0.642136691541365	0.874672571415791
M_127_2.Ethyl.3.hydroxypropionic.acid	skyblue	0.650861976781894	0.0313445580355503	M05	0.0323980447728334	0.583332279119771	0.776363999253706	0.129544423653892	0.0279383281542012	0.169050286043917
M_933_unknown	lightgreen	0.824093562344075	0.316350358754385	M06	0.0842836017872615	0.152959506458137	0.331039621081144	0.0301595135447264	0.61025185665839	0.865187146948067
M_949_unknown	lightgreen	0.815230745313375	0.29219891059713	M06	0.120584270291684	0.0405081840141598	0.125837577595148	0.0437712967371463	0.459331704957762	0.769533646602263
M_237_unknown	lightgreen	0.773220304161204	0.287549809153045	M06	0.188450667760186	0.00128789389912944	0.00775121328179755	0.151801981405688	0.00988204131536631	0.0944606890439427
M_335_unknown	lightgreen	0.733310745680686	0.0582966776446945	M06	0.0478122532424263	0.418084509432378	0.603899846957879	0.00653127524026902	0.912125020013937	0.969953865020578
M_969_unknown	lightgreen	0.528980413056029	0.0303072555548269	M06	0.0902009770092115	0.126043675227203	0.296841988759717	0.0555432761725473	0.347614433461931	0.676495154940883
M_86_Arabinofuranose	blue	0.887112196894606	1.52384050327171	M07	0.13409642216536	0.0226037334996834	0.0798501455151858	0.104025804222158	0.0779876393349794	0.296400804850918
M_246_unknown	blue	0.817097061077284	1.11351087175866	M07	0.126702406645439	0.0312957951045768	0.103787075601913	0.101769242393139	0.084698973773139	0.305857405291891
M_160_unknown	blue	0.807256078013711	0.944758586793327	M07	0.0757279573400055	0.199267989828866	0.379055638299931	0.0146622795069858	0.804321411438953	0.951135181413429
M_173_unknown	blue	0.77110096315944	0.795292360802637	M07	0.0750739762700588	0.203187384129445	0.381710403711386	0.0205223034247844	0.728743884734938	0.922464497866563
M_260_unknown	blue	0.739992439022063	0.715650715043549	M07	0.193398078856085	0.000950531586276003	0.00651677047727843	0.0996019079002716	0.0915750696192497	0.323498887241915
M_238_Unknown	blue	0.733009202255432	0.712492635070367	M07	0.186083375473385	0.00148547871573434	0.00865207607079045	0.165115291999689	0.00496616519694102	0.0645601475602332
M_282_unknown	blue	0.790672212345055	0.672261357005824	M07	0.0676294623119197	0.2517824404284	0.447154607318197	-0.00789009041276437	0.893941081772388	0.969752474312416
M_1033_unknown	blue	0.7221729460716	0.51129267580092	M07	0.135472675737371	0.0212403665520815	0.0758584519717196	0.117244524474197	0.0468212486968924	0.21988571955432
M_272_unknown	blue	0.736318740442136	0.501514515035096	M07	0.149362495363038	0.0110082953133737	0.0441690861339069	0.12340814934105	0.0363308280331327	0.190443856625293
M_218_unknown	blue	0.67365960046328	0.419289120873639	M07	0.100736437192037	0.0873678998390286	0.221832558185034	0.123655182521942	0.0359557172664702	0.190443856625293
M_242_D.Xylopyranose	blue	0.619685679317656	0.378519245430693	M07	0.0515392758557668	0.382689899415869	0.573153075162015	0.00466850847018886	0.937125614552408	0.977423443187846
M_216_unknown	blue	0.581730385523095	0.312766824086289	M07	0.195487720641816	0.000834224305568649	0.00589397607195241	0.149612311443647	0.0110129456722912	0.10226306695699
M_967_unknown	blue	0.673841674554255	0.294895967780031	M07	0.00580572397313384	0.921717588112411	0.982014977548294	-0.0192178112291509	0.745371268770859	0.924461289748624
M_1621_unknown	blue	0.521848657087357	0.140372094131244	M07	0.0504050520302671	0.39326289746481	0.577770089797336	0.0331304216822364	0.575513220559463	0.846342971410975
M_141_unknown	blue	0.475572085932412	0.0863899818245122	M07	0.154508546908748	0.00851140193344897	0.035464174722704	0.0291870283172877	0.621820926139058	0.866380435682922
M_327_unknown	blue	0.43311581213098	0.0710340121490007	M07	0.050960617322083	0.388062210341651	0.576505426175678	-0.0189871434062441	0.748323990452753	0.924461289748624
M_1105_unknown	blue	0.436210321711087	0.0625206788090629	M07	-0.0176032563407716	0.765717276412986	0.885616067025696	0.00364444609347747	0.950897679516283	0.977423443187846
M_965_unknown	blue	0.381417877555632	0.0523903941434045	M07	-0.0486742148295331	0.409732612603378	0.594478120964722	-0.0877300522614429	0.137485945746512	0.404697993183585
M_55_unknown	darkolivegreen	0.83143930174751	0.208984674111449	M08	0.255476696566364	1.09518859612258e-05	0.00017796814686992	0.141376888043992	0.0163556020134377	0.130342757812829
M_301_unknown	darkolivegreen	0.77285572167249	0.135331500771792	M08	0.164961411507245	0.00493146799694025	0.0235695161618468	0.102987802131412	0.0810192892084345	0.299218965826605
M_252_unknown	darkolivegreen	0.686586247122544	0.096682717059154	M08	0.148669351673665	0.0113898930411514	0.0451428687606608	0.0828654470115021	0.160744888882099	0.435875898499141
M_96_4.Methyl.2.oxovaleric.acid	darkred	0.896489270768302	0.53700305315266	M09	0.218083247178613	0.000186659153268561	0.00168172913084098	0.211446539144617	0.000301853015319664	0.00654014866525939
M_927_unknown	darkred	0.863303002101794	0.454387805456488	M09	0.190955659233964	0.00110532650126303	0.0067779455266129	0.140683933990754	0.0168945053708867	0.130342757812829
M_226_unknown	darkred	0.723639588899245	0.221333390937219	M09	0.22418282294977	0.000121229676002106	0.00127095628066724	0.17201114379106	0.0034083478889231	0.0527482411380957
M_210_2.Oxoisovaleric.acid	darkred	0.638084454008669	0.112084960530086	M09	0.249805880820374	1.73431605033285e-05	0.000256205780162808	0.167941943074966	0.00426319348385576	0.0593654328413507
M_23_Leucine	greenyellow	0.899267521478212	1.05662739879066	M10	0.395880803784176	2.78066100376247e-12	1.1296435327785e-10	0.284825529957264	8.8871429014453e-07	3.72165642110538e-05
M_26_Isoleucine	greenyellow	0.90493865324964	1.03014205515954	M10	0.438941709168087	4.85259545388799e-15	2.62848920418933e-13	0.317711729871684	3.55258015021638e-08	2.30917709764065e-06
M_20_Valine	greenyellow	0.851302169445485	0.856974232074017	M10	0.482623529030922	2.87333493111936e-18	3.11277950871264e-16	0.314059953135175	5.18109886091603e-08	2.80642854966285e-06
M_12_Proline	greenyellow	0.650397775830866	0.115797115162941	M10	0.318983424190731	2.94401330886733e-08	6.83431660987058e-07	0.221372912905543	0.000152119816621315	0.00380299541553287
M_78_unknown	greenyellow	0.655301336638053	0.104885288835185	M10	0.0943708903865705	0.109393089279963	0.267313939969834	0.11106392259626	0.0597752057022646	0.262526241259946
M_75_Hydrocinnamic.acid	greenyellow	0.599885944885592	0.0857900438543706	M10	0.154810591136036	0.00838190064126081	0.0353781520572697	0.0532888532325874	0.367562127360944	0.692303839961469
M_259_unknown	greenyellow	0.421558546476216	0.0258035734336086	M10	0.192483519545857	0.0010059902919389	0.00651677047727843	0.120638004532544	0.0407692737155513	0.210317681865939
M_250_alpha.Hydroxyvaleric.acid	greenyellow	0.398741697722717	0.023146536302195	M10	0.105062672240857	0.0745434741663935	0.196964464260796	0.0674246716130391	0.254054427174464	0.554145562628863
M_165_2.aminobutyric.acid	greenyellow	0.298496453655029	0.0179731788174209	M10	0.0457524486187214	0.43844212435326	0.624972326380744	0.0659238004116554	0.264802445527721	0.562488854879147
M_8_Aspartic.acid	darkgreen	0.835009978130187	0.309369792262531	M11	0.263633162013101	5.54689909065098e-06	0.000100152344692309	0.18101257629381	0.00204209103577505	0.0368710881459385
M_2_Glutamic.acid..3TMS	darkgreen	0.820855113166037	0.303072756329438	M11	0.570062721113785	2.63847253025513e-26	4.28751786166459e-24	0.457757371065208	2.53460703933266e-16	8.23747287783114e-14
M_302_unknown	darkgreen	0.797113223924775	0.292692167137337	M11	0.207219901302227	0.000391071052615068	0.00295576958371854	0.0922802139280872	0.11815322547113	0.376468610569778
M_79_unknown	darkgreen	0.783127789330122	0.286732207654119	M11	0.589132290879195	2.14946955991681e-28	6.98577606972964e-26	0.43259954459695	1.45559986345024e-14	2.36534977810664e-12
M_191_Pyruvic.acid	royalblue	0.781233531265185	0.139547238104139	M12	0.397889289572846	2.10913709281499e-12	9.79242221664104e-11	0.284495101401755	9.16100042118248e-07	3.72165642110538e-05
M_31_Lactic.acid	royalblue	0.753841360396474	0.106101651627419	M12	0.445726568051853	1.638532218887e-15	1.06504594227655e-13	0.33470916381935	5.73351791645942e-09	4.65848330712328e-07
M_28_Alanine	royalblue	0.67899555813319	0.0899604101639553	M12	0.470608951899883	2.46955565586725e-17	2.00651397039214e-15	0.334819393746453	5.66401150679979e-09	4.65848330712328e-07
M_119_Alpha.ketoglutaric.acid	royalblue	0.572906877760656	0.0601702353643336	M12	0.223615749648255	0.000126256025184464	0.00128228775577972	0.114199085888872	0.0528760054800721	0.238676413625326
M_289_unknown	royalblue	0.750777052234587	0.0510587911013989	M12	0.388883286623543	7.17946728126712e-12	2.59258540712424e-10	0.249185771192585	1.88489774569441e-05	0.000510493139458903
M_240_unknown	turquoise	0.950572188425738	6.71591454821078	M13	0.165342040382701	0.00483156236684162	0.0234366831227392	0.126282032738713	0.032166083767951	0.18024098663076
M_104_unknown	turquoise	0.914568106104892	6.40289363134781	M13	0.177806959331268	0.00241471262846375	0.0133013831228935	0.128585374794215	0.0291286646721827	0.169050286043917
M_117_unknown	turquoise	0.901357131435859	6.04134359374866	M13	0.157107463206676	0.0074531286883122	0.0336425947736315	0.130465833618032	0.026834242845472	0.169050286043917
M_105_unknown	turquoise	0.906981790841569	5.954323831095	M13	0.158094214413248	0.00708314682883901	0.0324228552024321	0.139254208172058	0.0180555783570056	0.13040139924504
M_187_unknown	turquoise	0.913799206039013	5.94051059495676	M13	0.208044157937187	0.000370208044673909	0.00286470510759573	0.159400845584979	0.00671391487278698	0.0839239359098372
M_168_unknown	turquoise	0.85790777501377	4.72309394647238	M13	-0.00559094267791154	0.924604871168547	0.982014977548294	0.00398548855129949	0.946309358898356	0.977423443187846
M_149_unknown	turquoise	0.892476262443279	4.6757693009782	M13	0.105767711551791	0.0726063310165197	0.193418504757122	0.10826959543333	0.0665349910435306	0.280829507651265
M_188_unknown	turquoise	0.841510778774103	4.36635225772404	M13	-0.00215143457740261	0.970950719976048	0.987466914425663	0.013794697469549	0.815686270211175	0.951135181413429
M_263_unknown	turquoise	0.885517889806484	4.30835736339752	M13	0.193137190220801	0.000966057520902821	0.00651677047727843	0.145556250195571	0.0134130038841844	0.121089618398887
M_245_unknown	turquoise	0.871366336046875	4.30651968566264	M13	0.186023491405678	0.00149081926142851	0.00865207607079045	0.128666642535877	0.0290261415857006	0.169050286043917
M_241_unknown	turquoise	0.840163166004649	4.21449344763041	M13	-0.0877275850307989	0.136810155923366	0.314763770405199	-0.0279741240433058	0.636381169066024	0.874672571415791
M_280_unknown	turquoise	0.87892024544047	4.18586133999217	M13	-0.0132295086783809	0.822806520307806	0.914273038008281	0.0456364684852816	0.440404437489698	0.765408781733433
M_954_unknown	turquoise	0.852613173987808	4.02073933800216	M13	0.155570071135628	0.00806398838414602	0.034484160853256	0.117369710266687	0.0465853260014197	0.21988571955432
M_315_unknown	turquoise	0.85834002901231	3.61251988268291	M13	0.166965886866118	0.00442549596931187	0.0221274798465593	0.10438181794502	0.0769692548355297	0.296400804850918
M_255_unknown	turquoise	0.834935270649872	3.57000333858339	M13	-0.0348787603790961	0.55482270425726	0.748595727705022	-0.0146527928999121	0.804445463387036	0.951135181413429
M_197_unknown	turquoise	0.792375345224832	3.30954614980474	M13	-0.0638308610206413	0.279463606846733	0.468173568171073	-0.0103186289458159	0.861585675093666	0.965570153122212
M_185_unknown	turquoise	0.830439189776171	3.13269298880314	M13	-0.0308331847313118	0.601658768241953	0.785297589070822	-0.0273864749090274	0.643486604506576	0.874672571415791
M_312_unknown	turquoise	0.832566408351444	3.06120816598052	M13	0.168151815532419	0.00414866129968485	0.0210674206624621	0.129262404624784	0.0282839517540926	0.169050286043917
M_42_unknown	turquoise	0.758268644320984	2.03463805301733	M13	0.192218142918823	0.001022631674896	0.00651677047727843	0.108766748896948	0.0652884940525759	0.279194217987989
M_108_Glucopyranose	turquoise	0.703662392316228	1.63848889213824	M13	0.171243319301103	0.00349896887198517	0.0180502362443679	0.13019342564744	0.0271566868975798	0.169050286043917
M_351_unknown	turquoise	0.720869418829468	1.63293186463636	M13	0.229256850052954	8.38977001697792e-05	0.00104872125212224	0.15833043606297	0.00709666279951345	0.0854227929571063
M_342_unknown	turquoise	0.745995224544653	1.56601433473789	M13	0.0541947818796656	0.358622398267691	0.547193800173707	-0.0114130124490215	0.847077075482175	0.959289943188718
M_341_unknown	turquoise	0.733857522588215	1.5071046192645	M13	0.112471524750322	0.0561598339212478	0.161521646233677	0.103937335664431	0.0782423911272228	0.296400804850918
M_328_unknown	turquoise	0.716388948662893	1.47982314207798	M13	0.176536508801459	0.00259700442202723	0.0139554101382637	0.144140195309794	0.0143531930136443	0.126075344038768
M_285_unknown	turquoise	0.705945845126103	1.33239927307969	M13	0.138644053478767	0.0183670735022337	0.0670707740250106	0.141381694731874	0.0163519169861205	0.130342757812829
M_331_unknown	turquoise	0.693422737063336	1.27344720037305	M13	0.082240334552469	0.16319998290834	0.339999964392374	0.0800199982174511	0.175656267471708	0.464132414051262
M_348_unknown	turquoise	0.643419314029921	1.04707718444626	M13	0.0755033399864122	0.200607907038733	0.379055638299931	0.116960617881459	0.0473600011347765	0.21988571955432
M_233_Glucopyranose	turquoise	0.621564546027681	0.997328388182761	M13	0.0905850412633375	0.124432441867701	0.295186449686152	0.0933067184272632	0.114100034966944	0.37082511364257
M_277_unknown	turquoise	0.623603062165742	0.672607818939113	M13	-0.0184918545328704	0.754260994744584	0.885616067025696	0.0187824720769716	0.750947016903498	0.924461289748624
M_44_Aminomalonic.acid	turquoise	0.419291298901072	0.294086895114086	M13	-0.320458422459985	2.52105497084388e-08	6.30263742710971e-07	-0.176827802912898	0.00259888892270358	0.0422319449939331
M_251_unknown	turquoise	0.409164035291326	0.175878303087299	M13	0.216065821341835	0.000214742168338601	0.00178951806948834	0.116143440072825	0.0489397276821025	0.224019880234976
M_10_Glycine	turquoise	-0.12697221249715	0.075890410316906	M13	-0.208791057563255	0.000352201627020095	0.00279184216540319	-0.140979064285455	0.0166631188136296	0.130342757812829
M_207_unknown	turquoise	0.169012098898582	0.0412885343059564	M13	0.320767600006137	2.44015441630955e-08	6.30263742710971e-07	0.220210216121472	0.000165098230254429	0.00383263748804925
M_118_unknown	black	0.939615408388285	1.70877708322914	M14	-0.0275160622425756	0.641334327527721	0.811025900570076	0.0236376399153035	0.689557747124093	0.903654305706977
M_266_unknown	black	0.923525320790294	1.51564602649912	M14	-0.0740864610617631	0.209211042307673	0.390767751436745	-0.00371496115977528	0.949948845348368	0.977423443187846
M_330_unknown	black	0.864816124225166	0.930249755336621	M14	-0.107496348762632	0.0680298499824969	0.187370349528063	-0.018199319217451	0.758436208641355	0.928373688749703
M_230_L.Cysteine	black	0.82646118572651	0.739520335104325	M14	-0.0112398545985378	0.849108978208482	0.926041670864955	0.040604859836533	0.492477527129047	0.800275981584701
M_208_L.Tryptophan	black	0.804232638781783	0.683796989328917	M14	0.145008605777499	0.0136053267281536	0.0526396569839276	0.126609138901341	0.0317189270571325	0.18024098663076
M_219_unknown	black	0.741436558699685	0.595928811815845	M14	-0.0828480977685121	0.160101664437388	0.337876889234747	-0.0467884717467384	0.428940019085591	0.752504422611211
M_107_unknown	black	0.647003512978846	0.320624735101022	M14	0.222061265770874	0.000141054734454426	0.00138917541508147	0.154690910625295	0.00854798557811418	0.089615977835068
M_303_L.Proline..5.oxo	black	0.630746684819824	0.223185821314388	M14	0.0318999043998325	0.589138008460167	0.778121938706585	0.0517900183152979	0.381208789430465	0.705101452437498
M_311_unknown	black	0.610481874334925	0.175510967826612	M14	-0.0177202819638341	0.764205541336107	0.885616067025696	-0.0351650123217028	0.552272310217876	0.846342971410975
M_257_unknown	black	0.552032246575015	0.119568347888211	M14	-0.0566146610864211	0.337534808277663	0.532764722142271	0.0135088322280111	0.819439540910031	0.951135181413429
M_249_unknown	black	0.508800051845739	0.0896570434851434	M14	-0.114603524373206	0.0516267193223525	0.152533488906951	-0.063664324783851	0.281563622353324	0.576534783729664
M_135_unknown	violet	0.880891579707207	0.236429473406169	M15	-0.00151765706814714	0.979505900431874	0.988631731802358	0.0141548296583678	0.810963902083261	0.951135181413429
M_196_unknown	violet	0.880669890726626	0.205106348181605	M15	-0.0248494204799992	0.673992924385707	0.832788193697337	-0.0336315291989073	0.569746656273359	0.846342971410975
M_291_unknown	violet	0.82384283390767	0.120361809170141	M15	-0.0518608671759402	0.379723921425293	0.571343863255649	-0.0437692819911438	0.459352392125659	0.769533646602263
M_77_unknown	lightyellow	0.842363373747495	0.139710283189131	M16	-0.0991146725787084	0.0926094717678706	0.23331843662448	-0.0514865414399879	0.384009098712114	0.705101452437498
M_1103_unknown	lightyellow	0.79492391278133	0.123375351172768	M16	-0.047102510766652	0.425035766598092	0.611224000638849	0.0233415795908205	0.693248261006457	0.904842107739352
M_306_unknown	lightyellow	0.69876331775633	0.0468963580942598	M16	0.0279616710210285	0.635941472883668	0.807347572996845	0.000422540283286845	0.994303502649072	0.995441607959801
M_356_unknown	lightyellow	0.639035360704844	0.0286740843206015	M16	-0.00409504840203166	0.944739359166959	0.98233387154157	0.0378402271859422	0.522428590838712	0.82824044889064
M_262_unknown	lightyellow	0.51588506377063	0.0123339105162903	M16	0.0184225909041733	0.755152084307519	0.885616067025696	0.0217602610229324	0.713080968933052	0.922464497866563
M_247_unknown	saddlebrown	0.854492020850339	0.349024666146617	M17	0.00450483872756363	0.939219610865548	0.98233387154157	-0.0333043862741693	0.573508192690933	0.846342971410975
M_235_unknown	saddlebrown	0.84233027005945	0.346304383694402	M17	0.0308967480321016	0.600909349320602	0.785297589070822	-0.0111863106668673	0.850078472733387	0.959289943188718
M_1075_unknown	saddlebrown	0.756805679166407	0.0384045739129404	M17	0.0645355792377542	0.274178550582214	0.46606515624199	0.0682631151278932	0.248183460162567	0.544997463194826
M_58_unknown	salmon	0.824192857264407	0.337488266334377	M18	0.0978984950442513	0.0967026220129221	0.241756555032305	-0.0207864448307227	0.725392182199677	0.922464497866563
M_122_unknown	salmon	0.822689732260375	0.327199754897803	M18	0.132585181694167	0.0241873513749837	0.0836264808177627	0.0112479304205419	0.849262447907639	0.959289943188718
M_64_L.Proline..5.oxo	salmon	0.774088120205296	0.209156041936531	M18	-0.00737474261131545	0.900658944957407	0.966474830272952	-0.061549362335508	0.29788856330967	0.598091826502748
M_71_Tyrosine	salmon	0.724881061094728	0.188598462435417	M18	0.345185661573483	1.64929208392653e-09	4.87290842978293e-08	0.131648045870735	0.0254727057089783	0.168951619498325
M_72_unknown	salmon	0.752774915882621	0.182769030569719	M18	0.266467516166439	4.35583726389543e-06	8.32733594568245e-05	0.0872331550172484	0.13973621917649	0.404697993183585
M_81_Ethanolamine	salmon	0.661370162315044	0.0861383317463402	M18	0.0610660780137777	0.300860401179737	0.493836517087953	-0.0529051308878751	0.371026700269272	0.693009641307549
M_123_Tryptophan	salmon	0.565223649590528	0.0669339320098339	M18	0.232984798181834	6.36800441502175e-05	0.000862333931200862	0.0745411042692968	0.207215770564541	0.487484865314129
M_205_unknown	salmon	0.562061632244877	0.0579358563088601	M18	-0.0382797580774607	0.516872934833068	0.716411394838403	0.000957339282193618	0.987094034775694	0.993206072142726
M_147_unknown	cyan	0.875829778981053	0.643304893611697	M19	0.120176864529315	0.0411954694889238	0.126306863999059	0.0940327825968658	0.111299490619386	0.3653771156697
M_190_unknown	cyan	0.8311641580244	0.639294546381423	M19	0.0798188769374985	0.175991704386058	0.350903705064227	0.0199149471113403	0.736470156706449	0.923645617483292
M_110_unknown	cyan	0.783300253085666	0.492666908596292	M19	0.0324366626666586	0.58288330530091	0.776363999253706	-0.032601082878588	0.581634286423576	0.846733072211757
M_166_unknown	cyan	0.682510543621698	0.228070959116213	M19	-0.00515230669572188	0.930504439585733	0.98233387154157	-0.0259510401494578	0.660978701058978	0.876808480996603
M_192_unknown	cyan	0.656395388410836	0.118283310008774	M19	0.080827040886766	0.170578383750038	0.347409180043472	0.0443041882278823	0.453878299643367	0.769533646602263
M_136_unknown	cyan	0.644477253751853	0.0968034055348599	M19	0.0185857243974536	0.75305386077205	0.885616067025696	0.00930842455159696	0.875019762971017	0.968451417626028
M_951_unknown	cyan	0.368746342420488	0.024264201658577	M19	0.00104916403030553	0.985831515764772	0.989497482331145	0.0667633517929602	0.258752455554186	0.556917536788811
M_243_unknown	magenta	0.898346237307492	0.749620923640092	M20	0.0158926769908997	0.787913068766627	0.895355759962076	-0.072554377240393	0.21961510385466	0.502640202484256
M_143_unknown	magenta	0.860719461463176	0.550894258822928	M20	0.000770955614723857	0.98958834377966	0.98958834377966	-0.036398177847701	0.538412669099754	0.846342971410975
M_1074_unknown	magenta	0.783450457847991	0.466305651205879	M20	0.0567757101918876	0.336160087108169	0.532764722142271	-0.0137581893586132	0.816165371518917	0.951135181413429
M_332_unknown	magenta	0.735572866139006	0.220361288343398	M20	-0.0406812810018829	0.490905225678907	0.684739048693754	-0.0531826887125667	0.368518659425644	0.692303839961469
M_300_unknown	magenta	0.674480882269551	0.161828877134001	M20	0.0257089991669809	0.663394911822482	0.829243639778103	-0.0295400301855513	0.617610517206005	0.865187146948067
M_294_unknown	magenta	0.603643748966108	0.086221666805449	M20	0.0155450871537328	0.792444924477492	0.8958767589609	-0.02046619287181	0.729456541389867	0.922464497866563
M_276_unknown	magenta	0.47706652415305	0.0717098782988093	M20	0.124149039824255	0.0348967300001931	0.112291457921413	0.0806245260446478	0.172405400078811	0.459276680537818
M_234_Phenylalanine..dl	magenta	0.564662290921927	0.0712316802872583	M20	0.156259436131825	0.0077847701958495	0.0342317319857743	0.0296756641747711	0.615996058556127	0.865187146948067
M_203_unknown	magenta	0.519211323912364	0.0564299890922659	M20	0.0546845716760151	0.354289017446952	0.54619622507007	0.030652718393217	0.60442106157584	0.865187146948067
M_1097_unknown	magenta	0.530211558999218	0.0527071605511644	M20	0.0560797068491622	0.342126948816542	0.534514960758492	-0.00686616880753528	0.907638781875479	0.969953865020578
M_319_unknown	magenta	0.510834181361784	0.04291204094323	M20	-0.0873539742283283	0.138496058978288	0.314763770405199	-0.11730728833275	0.0467028404498204	0.21988571955432
M_140_l.Threonine	orange	0.80347689678484	0.169112126101462	M21	0.0804814374893899	0.172419939354517	0.348052672610051	0.0451730355598686	0.445065239680733	0.769394696256586
M_5_Threonine	orange	0.836809366362309	0.146666253121325	M21	-0.00217891818527179	0.970579794793713	0.987466914425663	0.0263456307191953	0.656151345974271	0.874672571415791
M_112_unknown	orange	0.741385320934912	0.0764930453710881	M21	-0.087089817708607	0.13969763016071	0.315289790293269	-0.0650465485643275	0.271226966552667	0.565056180318056
M_24_Serine	orange	0.644149113764168	0.0409084870206122	M21	-0.183204927118003	0.00176300952742406	0.0100522473054881	-0.095212378547715	0.106864990877741	0.354399204441487
M_3_Phenylalanine	darkgrey	0.930602340958054	0.626106487049556	M22	0.216570867945808	0.000207363286257883	0.00177350179036347	0.154863293705131	0.00847370139889162	0.089615977835068
M_16_Tyrosine	darkgrey	0.901631718758959	0.518839087597935	M22	0.232434605004152	6.63436333114131e-05	0.000862467233048371	0.140243100178251	0.0172453494952359	0.130342757812829
M_4_Methionine	darkgrey	0.856374080144714	0.376101363902495	M22	0.124642717045141	0.0341742868045581	0.111066432114814	0.10769062124439	0.0680111396432502	0.283379748513543
M_1_Ornithine	darkgrey	0.857550140620204	0.371224426971094	M22	0.0813452839770029	0.167844442407497	0.347409180043472	0.040694771773155	0.491519069704621	0.800275981584701
M_172_unknown	darkmagenta	0.836435197439464	0.116238488739723	M23	0.224366970473835	0.000119638241374387	0.00127095628066724	0.120158041835371	0.0415829769911904	0.211163555033389
M_222_unknown	darkmagenta	0.789859276765104	0.0835672158871199	M23	0.219241232894631	0.000172130987810186	0.00159835917252315	0.103557365605804	0.0793442154523996	0.296400804850918
M_268_unknown	darkmagenta	0.827309400661681	0.0763431785803039	M23	-0.0300548967999446	0.610868665975553	0.790965404151613	-0.0356425635513512	0.546884460313633	0.846342971410975
M_182_unknown	green	0.943250703158609	2.13837561328845	M24	-0.0348532390361477	0.555112524236647	0.748595727705022	-0.0125951002180372	0.831463614376214	0.952265465113383
M_1078_unknown	green	0.902133871031839	1.858804425447	M24	-0.0131197738128249	0.824252308112081	0.914273038008281	0.0162600945835711	0.783499820998008	0.946607590425102
M_1084_unknown	green	0.89190797134502	1.81220620395963	M24	-0.0305026159792312	0.605562956641362	0.78723184363377	-0.00167585582627338	0.977409680446939	0.989589240327898
M_1098_unknown	green	0.865707387096824	1.1643982770241	M24	-0.00706967094924796	0.904748499225092	0.96724757318472	0.014078642673765	0.811962368090147	0.951135181413429
M_254_unknown	green	0.817452778060101	0.952683421756932	M24	-0.0823459753956594	0.16265823104377	0.339999964392374	-0.0754046975440831	0.201986573409912	0.486263973023862
M_83_Nonanoic.acid	green	0.809753217161308	0.904787525902003	M24	0.0646641231120409	0.273221905799491	0.46606515624199	0.0774371277137695	0.190058894226961	0.478830547471025
M_344_unknown	green	0.830734233095657	0.830609491778617	M24	-0.0381750943288766	0.518020547036999	0.716411394838403	-0.00328860304127903	0.955686849094116	0.977423443187846
M_299_unknown	green	0.729485755825382	0.505115086128878	M24	0.0722025333222044	0.221057408120797	0.405896370843271	0.0854666824628269	0.147964637386545	0.411012881629291
M_961_unknown	green	0.710123936441166	0.406962354098027	M24	0.0280052135715415	0.635415533655702	0.807347572996845	0.00635779279497536	0.914450097911916	0.969953865020578
M_1088_unknown	green	0.652090430839307	0.303090967668461	M24	-0.0248942831987368	0.673438180395814	0.832788193697337	0.00756950471111441	0.898226588809912	0.969752474312416
M_972_unknown	green	0.54117263207378	0.159963003149336	M24	0.00319027450277351	0.956935358178682	0.987314258438323	-0.00922911280999415	0.876076051637083	0.968451417626028
M_283_unknown	green	0.524056391374201	0.138336169798992	M24	0.0838127040929572	0.155275321108662	0.332003153686283	0.0863977685781817	0.143582790744686	0.409336903438798
M_973_unknown	green	0.474603082578303	0.0841705309003988	M24	-0.0627068277695861	0.288035078533889	0.477609186344458	0.0125636970036748	0.831877574079951	0.952265465113383
M_1085_unknown	yellow	0.908619857175649	1.86033889060281	M25	0.104642336130427	0.0757182240375955	0.198455022679182	0.04394775165259	0.457521902134723	0.769533646602263
M_1102_unknown	yellow	0.894239500310652	1.72764606006814	M25	0.111034495095844	0.0593975560518151	0.169335137867017	0.0797336199321299	0.177212057783744	0.464467086933199
M_1081_unknown	yellow	0.914796121803359	1.70590958273148	M25	0.0377064023437789	0.52317567050173	0.720474969970603	0.0138805784509859	0.814559511997034	0.951135181413429
M_51_D.Fructose	yellow	0.914097998906659	1.63318404391715	M25	0.0587233448014609	0.31981938534168	0.514560892257654	0.0316785985036344	0.59237327581202	0.855650287284028
M_1104_unknown	yellow	0.852048277100299	1.36320141145381	M25	0.160209725360848	0.00634470281294607	0.0298844697711228	0.103599314090552	0.0792219617200528	0.296400804850918
M_227_unknown	yellow	0.798372603580924	0.757084126366695	M25	0.0127499160309555	0.829129632110365	0.916554865428125	-0.00323776120194137	0.956371245949954	0.977423443187846
M_314_unknown	yellow	0.772066694959031	0.675980020134462	M25	-0.00453232731974584	0.938849449060806	0.98233387154157	0.00800844343451637	0.89235974037682	0.969752474312416
M_924_unknown	yellow	0.687500850570332	0.461225080146752	M25	-0.023886041253815	0.68594759053699	0.84125647896046	-0.0135096812965198	0.819428386915826	0.951135181413429
M_174_unknown	yellow	0.587722311218186	0.36294319234102	M25	-0.128932460142344	0.028415090796241	0.097209521145035	-0.0928162187757734	0.116022995041302	0.373341320677456
M_65_Ribonic.acid	yellow	0.690626870089864	0.357071574463254	M25	-0.0558935494160306	0.343734236303153	0.534514960758492	0.0344756480865252	0.560095310097606	0.846342971410975
M_91_unknown	yellow	0.61808374646805	0.265348122853956	M25	0.136473225587679	0.0202944591975434	0.07328554710224	0.134626380517859	0.0223033347447864	0.151012162334491
M_940_unknown	yellow	0.512421682071889	0.12539453473176	M25	0.0189404204399419	0.748498034617148	0.885616067025696	0.0298694115815938	0.61369307630923	0.865187146948067
M_201_unknown	yellow	0.489540494009645	0.117769749570232	M25	0.0703453761017584	0.233196152198387	0.421048608135977	0.0337160102252276	0.568777186838596	0.846342971410975
M_354_unknown	yellow	0.503215763661798	0.0990975071227322	M25	0.0295291990823237	0.617124490607839	0.795894680347411	0.0653146400004916	0.26925243764157	0.565056180318056
M_69_unknown	brown	0.75434242357971	0.432773580680189	M26	0.237235965281121	4.62442775824754e-05	0.000653451748448022	0.25768939124053	9.46086256133181e-06	0.000307478033243284
M_39_Erythronic.acid	brown	0.715636889540419	0.394918300628011	M26	0.225350966313445	0.000111461301075148	0.00124913527066976	0.185302431858023	0.00158633608669693	0.0303270134221473
M_99_Arabinitol	brown	0.749734467507231	0.353224343975432	M26	-0.00205330754458763	0.972275115742191	0.987466914425663	0.0738462821491698	0.211493433874745	0.487484865314129
M_946_Butane..1.2.3.trishydroxy	brown	0.705319039881508	0.292711074293591	M26	0.0260501780500158	0.659206768946817	0.82718996103365	0.0785070937844956	0.183990937425367	0.472418872916765
M_98_Myo.Inositol	brown	0.727847530225852	0.276929636159638	M26	0.0205474995228859	0.727967589031216	0.87907959748955	0.0482453072207541	0.414692111735792	0.740521628099628
M_22_3.4.Dihydroxybutanoic.acid	brown	0.63038036421954	0.201322785157436	M26	0.250682461454881	1.61649754949488e-05	0.000250172239802779	0.167428014533791	0.0043839088867459	0.0593654328413507
M_95_unknown	brown	0.589083178858395	0.170999413108033	M26	0.386909809016895	9.34377903863152e-12	3.03672818755524e-10	0.274752527663009	2.20308657969111e-06	7.95559042666235e-05
M_279_Pentitol..3.desoxy	brown	0.592608070613469	0.167138998104059	M26	0.166016204922792	0.00465907237619441	0.0229424018524725	0.0956753580996965	0.105163030568511	0.352350360152228
M_150_unknown	brown	0.570725894542505	0.162146914670336	M26	-0.0544581684392232	0.35628799912263	0.54619622507007	0.0634955886100932	0.282843450606215	0.576534783729664
M_6_2.4.Dihydroxybutanoic.acid.	brown	0.585588068274732	0.159226421112907	M26	0.0698554475506414	0.236475364506202	0.42461046112992	0.0446241047501133	0.450621925816833	0.769533646602263
M_45_unknown	brown	0.548963393115299	0.145417363809444	M26	-0.221610931083118	0.000145636445774802	0.00139211308461208	-0.0644964621418515	0.275309258766378	0.569907701267981
M_90_unknown	brown	0.603187044679547	0.121109103411918	M26	0.124726509380019	0.034052936823078	0.111066432114814	0.118871557370829	0.0438317436196487	0.217411831908981
M_932_Ribonic.acid	brown	0.581533537162924	0.113483611679313	M26	0.015434774956079	0.793884635633044	0.8958767589609	0.0698574226650532	0.237281780778316	0.531838474158294
M_958_Glycoside.....methyl	brown	0.465864714069723	0.074979080813208	M26	-0.159729811003076	0.00650589737701467	0.0302059521075681	-0.018928822730627	0.749071122817121	0.924461289748624
M_221_unknown	brown	0.409774639910923	0.0747319574013205	M26	0.192248946656568	0.00102068709774715	0.00651677047727843	0.0760499452655613	0.198142426799349	0.483893169955855
M_937_Erythritol	brown	0.498216207869207	0.0707678821284348	M26	-0.113931623456936	0.0530212549874422	0.15524241325152	-0.0670654038214896	0.256599294095764	0.555965137207488
M_92_unknown	brown	0.464758035465688	0.050455254481242	M26	-0.0912579608469584	0.121647984646543	0.290702904486224	0.0139250941168881	0.813975616568618	0.951135181413429
M_349_unknown	brown	0.405921576225556	0.0476194444643945	M26	0.00734541927561218	0.901051918685244	0.966474830272952	0.0872357815134324	0.139724251019838	0.404697993183585
M_200_Proline..4.hydroxy...trans.	steelblue	0.873269267129326	0.259988611725303	M27	0.0176936540827814	0.764549441539228	0.885616067025696	0.00622477532118864	0.916233343265592	0.969953865020578
M_103_Proline..4.hydroxy	steelblue	0.899845910341933	0.25963327683687	M27	0.00100314843810527	0.986452874693203	0.989497482331145	0.0356055291836792	0.547301363484093	0.846342971410975
M_106_unknown	steelblue	0.4975605435825	0.00508519895450976	M27	0.0182043459126716	0.757961962179139	0.885616067025696	0.0263025864352303	0.656677253616778	0.874672571415791
M_30_Arachidonic.acid	lightcyan	0.845103215591564	0.33744046649552	M28	0.0790886950982084	0.179991253876651	0.352392515119948	0.0741321181581101	0.209726062597251	0.487484865314129
M_133_unknown	lightcyan	0.792645844666336	0.284169049872885	M28	0.191068857441484	0.00109766819936337	0.0067779455266129	0.0758188777845445	0.199512876227953	0.483893169955855
M_130_unknown	lightcyan	0.759272742545625	0.151889556961918	M28	0.0643803325346046	0.275336953841422	0.46606515624199	0.0273979762777911	0.643347223804337	0.874672571415791
M_161_unknown	lightcyan	0.712085038004591	0.116737330978757	M28	0.0655462594545261	0.266718178520837	0.462411653172963	0.053419623314079	0.366386018365828	0.692303839961469
M_336_unknown	lightcyan	0.698665984387789	0.0736088562254364	M28	0.0587852283495179	0.319308797558979	0.514560892257654	-0.00735289605338405	0.901123837668768	0.969752474312416
M_340_unknown	lightcyan	0.655325140239891	0.0639513068208044	M28	0.0841108341753453	0.153806100871547	0.331039621081144	0.00641765632738417	0.913647700708925	0.969953865020578
M_70_unknown	midnightblue	0.92679314996007	1.17414168500463	M29	0.0246484422136024	0.676480255803375	0.832788193697337	0.0264651976886465	0.654691387210405	0.874672571415791
M_922_unknown	midnightblue	0.916246166407639	1.11802921033926	M29	0.0781093605793292	0.185460481064629	0.360926085904218	0.0738599571842077	0.211408635683878	0.487484865314129
M_11_Palmitic.acid	midnightblue	0.910120536585182	1.03926737737416	M29	0.155744395666118	0.00799255062443487	0.034484160853256	0.152360436357451	0.00961061931636446	0.0944606890439427
M_17_Stearic.acid	midnightblue	0.909147735247492	1.03567635041506	M29	0.138685423645153	0.0183319462583556	0.0670707740250106	0.142711671776723	0.0153597626556925	0.130342757812829
M_151_unknown	midnightblue	0.759181467783156	0.436416133145982	M29	0.1069191589463	0.0695309448138887	0.188775865681953	0.0870199437225899	0.140710379168447	0.404697993183585
M_960_unknown	midnightblue	0.601825857286504	0.0850205372959005	M29	0.0755078852798092	0.200580728166551	0.379055638299931	0.0167562128147847	0.777065259236428	0.945865952254079
M_13_Oleic.acid	purple	0.893363161248706	1.16278654980279	M30	0.121997529699387	0.038198535524072	0.120529359663334	0.0880938303109702	0.135856223123848	0.404697993183585
M_116_Myristic.acid	purple	0.902951442637793	1.00808966595956	M30	0.0614079338468134	0.298157468681539	0.491884148840103	0.0693793963336568	0.240514533707319	0.535391941471773
M_155_unknown	purple	0.810639453224515	0.918307156629281	M30	0.0889690075451583	0.131321282389681	0.304852976976045	0.0333918921084741	0.572500891455925	0.846342971410975
M_181_Palmitelaidic.acid	purple	0.820832001673573	0.702440943044506	M30	-0.0488450775929866	0.408088852451526	0.594478120964722	-0.0338295587522088	0.56747538730364	0.846342971410975
M_62_Glycerol	purple	0.773473235201267	0.391569356271515	M30	0.152219821386974	0.00955191789663971	0.039295864764657	0.0633655406561413	0.283832508913065	0.576534783729664
M_212_11.Eicosenoic.acid	purple	0.716353229300444	0.338133080799207	M30	0.0032428859758156	0.956225873791673	0.987314258438323	0.0566788576831653	0.337831022691684	0.66141615888432
M_76_Lauric.acid	purple	0.716088895185123	0.322594948516804	M30	-0.109656585910681	0.0626452756268056	0.175514780850964	-0.0979851785197253	0.0969893503978213	0.338333535222318
M_211_Linolenic.acid	purple	0.638052488199629	0.164492571772609	M30	0.0964493768374615	0.101766274349358	0.250560902754102	0.0392247819277536	0.50731334172003	0.820282766462735
M_304_Decanoic.acid	purple	0.52816609695609	0.0889340010001269	M30	-0.199077829672793	0.000664581255989917	0.00479975351548273	-0.109248324736726	0.0640993841249124	0.27776399787462
M_9_Citric.acid	purple	0.436350370210079	0.0396124082105569	M30	-0.0855793035239988	0.146722349460605	0.322194348477679	-0.0276908947007721	0.639801675597361	0.874672571415791
M_228_unknown	white	0.848274581701765	0.169471495073561	M31	0.0467405485865798	0.428606547840678	0.613643735895244	0.104199713110394	0.0774888141929768	0.296400804850918
M_947_unknown	white	0.811885929285048	0.147688046422081	M31	0.01388116357985	0.814233266171342	0.909571334405324	0.082827201974027	0.160938793291991	0.435875898499141
M_317_unknown	white	0.749824759900645	0.0508694485987375	M31	0.083380993002501	0.157421597579481	0.334392282440074	0.124450976340641	0.0347695938374628	0.188335299952923
M_288_unknown	white	0.580191616857042	0.0175682672570177	M31	0.200070307370518	0.000623664472341949	0.00460661257979849	0.197483390388331	0.000751467569810818	0.0152641850117823
M_46_Hexadecanoic.acid..2.3.dihydroxy	pink	0.905858002830539	1.01268055835192	M32	0.0703772531020222	0.232983908631647	0.421048608135977	0.0883364885106971	0.13477739437396	0.404697993183585
M_48_unknown	pink	0.867370589774273	0.989023470049913	M32	0.0144774087709184	0.806408306521813	0.906860552316918	0.0571657154969666	0.333691008614162	0.659656756598397
M_956_unknown	pink	0.823237412172751	0.536129977880004	M32	-0.0164568162554883	0.780573097206644	0.892524595182332	0.0252078790797283	0.670108469836984	0.881721670838137
M_50_Glycerol.2.phosphate	pink	0.77171644387828	0.367410474525218	M32	-0.102562528407536	0.0817538240867725	0.212559942625608	0.0197230796629375	0.738916493986634	0.923645617483292
M_274_monostearin	pink	0.766188344037175	0.364097738816171	M32	0.0363974218126705	0.537710533925985	0.734268586243467	0.0784283030515443	0.184432846250937	0.472418872916765
M_338_unknown	pink	0.731224740936704	0.361514468317872	M32	0.0116934337475407	0.843097004268329	0.923275291624089	0.000338119776231316	0.995441607959801	0.995441607959801
M_132_Phosphoric.acid.monomethyl.ester	pink	0.710513514431252	0.275740926906263	M32	-0.0027370797592223	0.963048196840629	0.987352252281402	-0.0106315346415376	0.857432414365529	0.964240604390301
M_287_unknown	pink	0.583307365442436	0.11856202412661	M32	0.00939074056976362	0.873704941672966	0.94651368681238	0.0124051200392045	0.833968654774685	0.952265465113383
M_322_unknown	pink	0.507136648338218	0.0718412588199342	M32	-0.0356096641566429	0.546553948382306	0.743221896335772	0.0298701290209728	0.613684555475414	0.865187146948067
M_159_Levoglucosan	pink	0.41333235352443	0.0370136233283884	M32	0.0970311402205322	0.0997087514095301	0.247369039756468	0.0431526406678192	0.465708330256215	0.776180550427024
M_49_unknown	pink	0.380188369450641	0.0355564119213776	M32	-0.269294140168428	3.41334541823796e-06	6.93335788079586e-05	-0.0857934463801099	0.146415400900573	0.410215562867986
M_19_Cholesterol	red	0.924214677500703	1.43314197286966	M33	0.0649999152981273	0.270733607261685	0.465547208254219	0.0473553759246807	0.423362321101893	0.750623358493121
M_199_unknown	red	0.886026552074227	1.23088075134452	M33	-0.0369891260746099	0.531115367516442	0.72832276136221	0.026926486318348	0.649071215889282	0.874672571415791
M_194_unknown	red	0.871560747855611	1.20086977150082	M33	-0.0502564122070068	0.394661415184642	0.577770089797336	0.00358710303958935	0.951669325298074	0.977423443187846
M_128_unknown	red	0.870331446793688	1.13370345035367	M33	0.0725290340058388	0.218970778176054	0.404349448336463	0.0502659372978455	0.395398047614396	0.717901483098764
M_1087_unknown	red	0.798316784334473	0.647129721669005	M33	0.0856176612830068	0.146540699815794	0.322194348477679	0.0783973330599644	0.184606759570551	0.472418872916765
M_325_unknown	red	0.709863364700205	0.343410853140622	M33	0.110680434383081	0.0602185081835979	0.170182740518864	0.0877242010983591	0.137512280908211	0.404697993183585
M_213_unknown	red	0.683949640347339	0.319340593228451	M33	0.225537347822109	0.000109972796305498	0.00124913527066976	0.130010774883391	0.0273747451628718	0.169050286043917
M_53_unknown	red	0.675448460663835	0.296411353052263	M33	0.128355772325315	0.0291373517122757	0.0986420761092668	0.118693257559869	0.0441513258645932	0.217411831908981
M_144_unknown	red	0.654162265522791	0.209469793431533	M33	-0.00399680404463532	0.946063082438497	0.98233387154157	0.00940766597063296	0.873698359269713	0.968451417626028
M_1076_unknown	red	0.448117888261209	0.0551110745850352	M33	0.141100189050416	0.0163803736786036	0.0619025749482114	0.11126064274214	0.0593214855589985	0.262526241259946
M_281_unknown	red	0.431349637810218	0.0484434828681004	M33	0.016596097636581	0.778763880591808	0.892524595182332	-0.0151189352867612	0.798355788109836	0.951135181413429
M_93_unknown	red	0.401105573860925	0.046561629731656	M33	0.0921027090243322	0.118221417718739	0.284607116730297	0.156502624253566	0.00779546593490734	0.089615977835068
M_109_unknown	paleturquoise	0.945735753279721	0.323226857076021	M34	0.0860555777754609	0.144478985549016	0.322194348477679	0.097732972743336	0.0978564686489166	0.338333535222318
M_154_unknown	paleturquoise	0.862506933539702	0.243134172818043	M34	-0.176386580130512	0.00261932313364335	0.0139554101382637	-0.081769462312145	0.166371497128853	0.446865591461796
M_134_unknown	paleturquoise	0.78913285291301	0.117756317903795	M34	0.0138672430281337	0.814416179421382	0.909571334405324	0.00264935259536819	0.964294185641899	0.982431380356167
M_40_unknown	sienna3	0.808216450465209	0.0618495518315043	M35	-0.226376416497248	0.000103499813393939	0.00124583108714927	-0.17073834617835	0.00365737035962086	0.0540293348580355
M_21_Glyceric.acid	sienna3	0.816375933305451	0.0571700361655578	M35	0.1204966252392	0.040655217376894	0.125837577595148	0.0651507013429912	0.270458698587353	0.565056180318056
M_231_unknown	sienna3	0.76503088401677	0.0277518507421088	M35	-0.0674033335331685	0.253375031116228	0.447537419091164	-0.10023375988978	0.0895258736010424	0.319735262860866
M_14_Linoleic.acid	grey	NA	NA	M_remaining	0.0537476635505927	0.362607063488073	0.548870445247124	0.0422131465435458	0.47548477525129	0.784438088479349
M_162_1H.Indole.3.acetic.acid	grey	0.254608472912243	NA	M_remaining	0.00412303826197157	0.944362257455367	0.98233387154157	0.0347015028579453	0.557526402477843	0.846342971410975
M_313_1.Monooleoylglycerol	grey	-0.059818963128632	NA	M_remaining	0.0726445804777246	0.218235715125065	0.404349448336463	0.0859183294654446	0.145826583214444	0.410215562867986
M_54_1.Octadecanol	grey	-0.0620861561042211	NA	M_remaining	0.0418975697289808	0.478024525375	0.67254532790855	0.0354887443635071	0.548617056631341	0.846342971410975
M_1030_2.3.Dihydroxybutanoic.acid	grey	0.174742614567865	NA	M_remaining	-0.00744874588872059	0.899667305400847	0.966474830272952	0.00835613098940342	0.887716693530996	0.969752474312416
M_5856_2.Butenedioic.acid	grey	-0.187841890065926	NA	M_remaining	0.0632787480743578	0.283652024833351	0.472753374722251	0.0290219682938522	0.623793913691704	0.866380435682922
M_220_3.4.5.Trihydroxypentanoic.acid	grey	-0.0868006464443429	NA	M_remaining	-0.151379707605997	0.00996127541120664	0.040467681358027	-0.154921054080726	0.00844893976210476	0.089615977835068
M_183_Acetic.acid	grey	0.00363651996551689	NA	M_remaining	0.0606512896591246	0.304161724900059	0.496746535640801	-0.0482769442857144	0.414385820412619	0.740521628099628
M_120_d.Galactose	grey	0.150623841011041	NA	M_remaining	0.0873826656336066	0.13836602844851	0.314763770405199	0.0765462733451083	0.195221912503022	0.480660011844561
M_1032_d.Galactose	grey	0.0644266820302886	NA	M_remaining	0.0225059284022491	0.703210003523435	0.855967232753245	-0.00791212998736168	0.893646574081447	0.969752474312416
M_177_d.Glucose	grey	-0.106673913623175	NA	M_remaining	0.119151006901184	0.0429697124453614	0.129307005043912	0.0388550651105212	0.511327076064318	0.822679701588631
M_88_Galactonic.acid	grey	0.323482859168278	NA	M_remaining	-0.00980811787219683	0.868141704555364	0.943632287560178	0.0180903519642046	0.759838157561295	0.928373688749703
M_362_Glucopyranose	grey	-0.140657319674934	NA	M_remaining	0.217719196470035	0.000191458393357281	0.00168172913084098	0.136889431894539	0.0201288261363122	0.142214532484814
M_318_Malic.acid	grey	0.129225030697661	NA	M_remaining	-0.0416785261370447	0.480330577473669	0.672876886547166	-0.0208289806955646	0.724852929524528	0.922464497866563
M_265_Octanoic.acid	grey	0.0915182397899169	NA	M_remaining	-0.108105376672689	0.0664748053146342	0.184652236985095	-0.0471917055819158	0.424968301423797	0.750623358493121
M_66_unknown	grey	-0.185865952796521	NA	M_remaining	0.12707818984235	0.0307935884817878	0.103174394397743	0.0076780991416271	0.896774589385771	0.969752474312416
M_80_unknown	grey	-0.00449060726922963	NA	M_remaining	-0.0197167865553465	0.738556772562492	0.885616067025696	-0.0213696300049559	0.718010702732302	0.922464497866563
M_195_unknown	grey	-0.0886822599831994	NA	M_remaining	0.0654411711041401	0.267487356296975	0.462411653172963	0.00496268713719671	0.93317263974878	0.977423443187846
M_146_unknown	grey	-0.0935829646118868	NA	M_remaining	0.0759217898830588	0.198116953295905	0.379055638299931	0.0422126315924075	0.475490164401329	0.784438088479349
M_94_unknown	grey	0.0216700584489873	NA	M_remaining	0.00274765304504477	0.962905554896311	0.987352252281402	-0.00119419930814333	0.983901294683785	0.993068076932392
M_121_unknown	grey	0.296011391028134	NA	M_remaining	-0.0116821206335586	0.843246845134474	0.923275291624089	0.0334619526613209	0.571695010051495	0.846342971410975
M_153_unknown	grey	0.283136107193752	NA	M_remaining	0.066607389765386	0.259036189884775	0.45261699845458	-0.00972545926901392	0.869469303093845	0.968451417626028
M_269_unknown	grey	0.359552351946931	NA	M_remaining	-0.0172666829435157	0.770070057360994	0.887492087384125	-0.00480740208301287	0.935259057651022	0.977423443187846
M_256_unknown	grey	-0.266666575663247	NA	M_remaining	-0.0807416142822058	0.171032211713709	0.347409180043472	-0.0508653279177279	0.389780219719703	0.711677367465751
M_5555_unknown	grey	0.0654960233436176	NA	M_remaining	-0.0858287314986381	0.145544201746848	0.322194348477679	-0.0780388192522195	0.186628804623401	0.473862199239105
M_189_unknown	grey	-0.000690733543554454	NA	M_remaining	-0.0162950849138222	0.782675414236815	0.892524595182332	-0.0299895787039466	0.612266608290154	0.865187146948067
M_936_unknown	grey	0.239303035574367	NA	M_remaining	0.0561711170237925	0.341339464741376	0.534514960758492	-0.0202130760698444	0.732674244776755	0.922942362606377
M_258_unknown	grey	0.174571319479471	NA	M_remaining	0.10685408815414	0.0697018580979519	0.188775865681953	0.0768206758825833	0.1936208032121	0.480356954533835
M_236_unknown	grey	0.138101500078694	NA	M_remaining	0.0228267825448446	0.699182773292891	0.854264666617254	0.0123221232470058	0.835063561714813	0.952265465113383
M_248_unknown	grey	-0.0563020971664016	NA	M_remaining	0.133832853625372	0.0228732931178528	0.0799335512183027	0.0875290943241042	0.138392643070596	0.404697993183585
M_270_unknown	grey	0.178143672580986	NA	M_remaining	-0.181175983576227	0.00198629496387521	0.01113010109068	-0.0448439669919263	0.448391638648594	0.769533646602263
M_275_unknown	grey	0.180830747723154	NA	M_remaining	-0.139546454478996	0.0176140128117882	0.0657994731474845	-0.0713900103969085	0.227123667640287	0.516190153727926
M_952_unknown	grey	0.177501354489443	NA	M_remaining	0.212234756559737	0.000279236785211137	0.00226879887984049	0.15277846923966	0.00941179367744018	0.0944606890439427
M_955_unknown	grey	0.19060539484485	NA	M_remaining	0.0317087689807836	0.591372673417005	0.778121938706585	0.0361624070161749	0.541049039260619	0.846342971410975
M_278_unknown	grey	0.238314059596587	NA	M_remaining	0.0669043551930506	0.25691391015665	0.451335247572493	0.103802305117001	0.0786325203696315	0.296400804850918
M_295_unknown	grey	0.0951246974460021	NA	M_remaining	-0.092532693446667	0.11650642938772	0.2825715638135	-0.135964545826096	0.0209942251583184	0.145172833541564
M_292_unknown	grey	0.30706697997362	NA	M_remaining	-0.113297952080343	0.0543649941595207	0.157755563409324	-0.0771212900297708	0.191877785630196	0.47969446407549
M_290_unknown	grey	-0.267771205469961	NA	M_remaining	0.0203632172711927	0.730312280991319	0.87907959748955	0.0595746506360942	0.313688022308123	0.625451578221717
M_966_unknown	grey	0.208721573855573	NA	M_remaining	0.0893848951167694	0.1295209423124	0.302836735622519	0.0892467413972241	0.130789144973707	0.404697993183585
M_959_unknown	grey	0.164260775845988	NA	M_remaining	-0.0581213989173617	0.324813607349224	0.520021785165014	-0.0535220490744522	0.365466462647156	0.692303839961469
M_1065_unknown	grey	-0.266874034178235	NA	M_remaining	0.0640549712129849	0.277775466178083	0.46775661403045	0.0515725713777274	0.383213995160602	0.705101452437498
M_324_unknown	grey	0.158620693756165	NA	M_remaining	0.0283505636535971	0.63125063505279	0.807347572996845	-0.0205336002598669	0.72860043250682	0.922464497866563
M_316_unknown	grey	-0.167038441056306	NA	M_remaining	0.0247100365084355	0.675717582545646	0.832788193697337	-0.00169499142708555	0.977151804777324	0.989589240327898
M_326_unknown	grey	0.216460752561873	NA	M_remaining	-0.0116455260906647	0.84373157419186	0.923275291624089	-0.00741247201222001	0.900326847197869	0.969752474312416
M_334_unknown	grey	0.179065591753926	NA	M_remaining	0.145760438088572	0.0131216746579157	0.0513800513713567	-0.0162836104297614	0.783194488252124	0.946607590425102
M_964_unknown	grey	0.132642586865184	NA	M_remaining	0.0536926864321404	0.363098909932713	0.548870445247124	0.0535722553496222	0.365016245794438	0.692303839961469
M_1057_unknown	grey	-0.19863982966893	NA	M_remaining	0.0849257203636979	0.149843894054649	0.326840708508462	0.090987901406265	0.123414701157576	0.388707251928114
M_975_unknown	grey	-0.139096992132446	NA	M_remaining	0.0545475751175918	0.355497757432125	0.54619622507007	0.0485187085827959	0.412049600067933	0.740521628099628
M_343_unknown	grey	-0.146915977724802	NA	M_remaining	-0.019076121953297	0.746757339861451	0.885616067025696	-0.0256309373240371	0.664905129209591	0.878431573142752
M_971_unknown	grey	-0.29958880955364	NA	M_remaining	0.0565964049226241	0.337690870034793	0.532764722142271	0.0570228288881184	0.334902661042263	0.659656756598397
M_1038_unknown	grey	0.45740171554725	NA	M_remaining	-0.0267621397611813	0.65050135700973	0.819430003985125	-0.0329024980803588	0.578145127054525	0.846383631949192
M_2799_unknown	grey	0.125763011123066	NA	M_remaining	0.101784979645606	0.084107643631268	0.215236095906788	0.0408390163635804	0.489983511956395	0.800275981584701
M_1035_Urea	grey	0.445592033928857	NA	M_remaining	0.0800200241492486	0.17490159577612	0.350882831032339	0.0703795867675991	0.233785574225081	0.52764105293855
M_938_Xylitol	grey	0.0837509100945194	NA	M_remaining	0.296951874965578	2.70713511883754e-07	5.865459424148e-06	0.139438810417771	0.0179018577614407	0.13040139924504
M_298_beta.Hydroxyisovaleric.acid	grey	0.217627651128007	NA	M_remaining	-0.00475357368022023	0.935870627568381	0.98233387154157	0.0222076663292844	0.707449368999819	0.919684179699765
